 Enter ifcurve (0=recti, 1=orth curvi, 2=apprx curvi, -1 = skip
 And atom ordering flag, 0= never changes, 1= use the first order thenceforth,
  2= deduce it (does read on fail), 3= always read it
 Reading file: 
 ./Benzene_Conj_0_C0S0.log                                                      
                                          
  Entering Gaussian System, Link 0=g16                                          
  
 Gaussian format, type: g94, g98, g03= F F F
  #P Geom=AllCheck Guess=TCheck SCRF=Check GenChk RB3LYP/6-311G(d,p) Fre    
 energy type= B3LYP   
 Original G94 input coords:
  6  1.393861  0.000000  0.000000
  6  0.696930 -1.207119  0.000000
  6 -0.696930 -1.207119  0.000000
  6 -1.393861  0.000000  0.000000
  6 -0.696930  1.207119  0.000000
  6  0.696930  1.207119  0.000000
  1  2.478330  0.000000  0.000000
  1  1.239165 -2.146297  0.000000
  1 -1.239165 -2.146297  0.000000
  1 -2.478330  0.000000  0.000000
  1 -1.239165  2.146297  0.000000
  1  1.239165  2.146297  0.000000
 nber atoms=          12
 Original standard coords:
  6  0.000000  1.393861  0.000000
  6  1.207119  0.696930  0.000000
  6  1.207119 -0.696930  0.000000
  6  0.000000 -1.393861  0.000000
  6 -1.207119 -0.696930  0.000000
  6 -1.207119  0.696930  0.000000
  1  0.000000  2.478330  0.000000
  1  2.146297  1.239165  0.000000
  1  2.146297 -1.239165  0.000000
  1  0.000000 -2.478330  0.000000
  1 -2.146297 -1.239165  0.000000
  1 -2.146297  1.239165  0.000000
  SCF Done:  E(RB3LYP) =  -232.308541895     A.U. after    1 cycles             
  
          23          40 "  -232.308541895"
After scan for Atom:   Atom  AN      X      Y      Z        X      Y      Z        X      Y      Z   
After scan for Atom:   Atom  AN      X      Y      Z        X      Y      Z        X      Y      Z   
After scan for Atom:   Atom  AN      X      Y      Z        X      Y      Z        X      Y      Z   
After scan for Atom:   Atom  AN      X      Y      Z        X      Y      Z        X      Y      Z   
After scan for Atom:   Atom  AN      X      Y      Z        X      Y      Z        X      Y      Z   
After scan for Atom:   Atom  AN      X      Y      Z        X      Y      Z        X      Y      Z   
After scan for Atom:   Atom  AN      X      Y      Z        X      Y      Z        X      Y      Z   
After scan for Atom:   Atom  AN      X      Y      Z        X      Y      Z        X      Y      Z   
After scan for Atom:   Atom  AN      X      Y      Z        X      Y      Z        X      Y      Z   
After scan for Atom:   Atom  AN      X      Y      Z        X      Y      Z        X      Y      Z   
 g94    frequencies=
     0.0    0.0    0.0    0.0    0.0    0.0  412.8  412.8  623.2  623.2
   688.9  723.3  862.5  862.5  981.4  981.4 1013.2 1016.5 1023.3 1060.2
  1060.2 1174.6 1197.5 1197.5 1335.1 1381.7 1512.9 1512.9 1637.4 1637.4
  3153.9 3163.6 3163.6 3179.4 3179.4 3190.0
 g94    symmetries=
                                                E2     E2     E2     E2
      A2     B2     E1     E1     E2     E2     A1     B2     B1     E1
      E1     B2     E2     E2     B2     A2     E1     E1     E2     E2
      B1     E2     E2     E1     E1     A1
 atomic masses:
 12.0000 12.0000 12.0000 12.0000 12.0000 12.0000  1.0078  1.0078  1.0078  1.0078
  1.0078  1.0078
 looking for force constants in 
 ./Benzene_Conj_0_C0S0.fchk                                                     
  
 Cartesian Force Constants                  R   N=         666                  
  
 n3=          36         666
 g94-fc frequencies=
   -10.5   -9.4   -9.4   -0.0   -0.0    0.0  412.9  412.9  623.2  623.2
   688.9  723.3  862.5  862.5  981.4  981.4 1013.3 1016.6 1023.3 1060.3
  1060.3 1174.7 1197.5 1197.5 1335.2 1381.7 1512.9 1512.9 1637.4 1637.4
  3154.0 3163.6 3163.6 3179.4 3179.4 3190.0
 at 99999: n3=          36
 symm operator            1 :  T  nop=           1
 symm operator            2 :  T  nop=           2
 symm operator            3 :  T  nop=           3
 symm operator            4 :  T  nop=           4
 symm operator            5 :  T  nop=           5
 symm operator            6 :  T  nop=           6
 symm operator            7 :  T  nop=           7
 The point group of the molecule is D2H
 enforcing symm op           1  jsymt=          -1          -1           1
 enforcing symm op           2  jsymt=          -1           1          -1
 enforcing symm op           3  jsymt=           1          -1          -1
 enforcing symm op           4  jsymt=          -1          -1          -1
 enforcing symm op           5  jsymt=           1           1          -1
 enforcing symm op           6  jsymt=           1          -1           1
 enforcing symm op           7  jsymt=          -1           1           1
 cartesian coord symmetries:
 Ag :    6 Au :    2 B1g:    6 B1u:    4 B2g:    2 B2u:    6 B3g:    4 B3u:    6
 Symmetry rotation matrix:
   1.00000   0.00000   0.00000
   0.00000   1.00000   0.00000
   0.00000   0.00000   1.00000

 Projecting out zero-frequency components
 generating redundant internal coords
         300        3600          12
 search for int coords
   1 str   2   1   1.394
   2 str   3   2   1.394
   3 str   4   3   1.394
   4 str   5   4   1.394
   5 str   6   1   1.394
   6 str   6   5   1.394
   7 str   7   1   1.084
   8 str   8   2   1.084
   9 str   9   3   1.084
  10 str  10   4   1.084
  11 str  11   5   1.084
  12 str  12   6   1.084
 nber stretches=          12
  13 ben   1   2   3
  14 prop tor   1   2   3   4
  15 prop tor   1   2   3   9
  16 ben   1   2   8
  17 ben   1   6   5
  18 ben   1   6  12
  19 ben   2   1   6
  20 prop tor   2   1   6   5
  21 prop tor   2   1   6  12
  22 ben   2   1   7
  23 ben   2   3   4
  24 prop tor   2   3   4   5
  25 prop tor   2   3   4  10
  26 ben   2   3   9
  27 ben   3   2   8
  28 ben   3   4   5
  29 prop tor   3   4   5   6
  30 prop tor   3   4   5  11
  31 ben   3   4  10
  32 ben   4   3   9
  33 ben   4   5   6
  34 prop tor   4   5   6   1
  35 prop tor   4   5   6  12
  36 ben   4   5  11
  37 ben   5   4  10
  38 ben   5   6  12
  39 prop tor   6   1   2   3
  40 prop tor   6   1   2   8
  41 ben   6   1   7
  42 ben   6   5  11
  43 prop tor   7   1   2   3
  44 prop tor   7   1   2   8
  45 prop tor   7   1   6   5
  46 prop tor   7   1   6  12
  47 prop tor   8   2   3   4
  48 prop tor   8   2   3   9
  49 prop tor   9   3   4   5
  50 prop tor   9   3   4  10
  51 prop tor  10   4   5   6
  52 prop tor  10   4   5  11
  53 prop tor  11   5   6   1
  54 prop tor  11   5   6  12
 nber bend=              18
 nber lin bend=           0
 nber prop tor=          24
 nber impr tor=           0
 nber tot redund int=          54
 Eigenvalues of G in red int coords
    Gval -0.00000000 -0.00000000 -0.00000000 -0.00000000 -0.00000000 -0.00000000 -0.00000000 -0.00000000
    Gval -0.00000000 -0.00000000 -0.00000000 -0.00000000 -0.00000000  0.00000000  0.00000000  0.00000000
    Gval  0.00000000  0.00000000  0.00000000  0.00000000  0.00000000  0.00000000  0.00000000  0.00000000
    Gval  0.00004190  0.00005678  0.00005678  0.00009579  0.00009579  0.00012501  0.00025283  0.00025283
    Gval  0.00034465  0.00049567  0.00049567  0.00059156  0.00059156  0.00059386  0.00061194  0.00061194
    Gval  0.00066895  0.00101556  0.00111059  0.00111059  0.00117131  0.00117131  0.00117145  0.00133136
    Gval  0.00133789  0.00234291  0.00234291  0.00374986  0.00374986  0.00418827
  4.190328692529266E-005  4.190328692529266E-005
  5.678248456911217E-005  4.190328692529266E-005
  5.678248711406736E-005  4.190328692529266E-005
  9.578884679035497E-005  4.190328692529266E-005
  9.578889071357638E-005  4.190328692529266E-005
  1.250099391597936E-004  4.190328692529266E-005
  2.528251000898442E-004  4.190328692529266E-005
  2.528253545265631E-004  4.190328692529266E-005
  3.446450293198790E-004  4.190328692529266E-005
  4.956692060019769E-004  4.190328692529266E-005
  4.956703251077471E-004  4.190328692529266E-005
  5.915580954380406E-004  4.190328692529266E-005
  5.915580994594919E-004  4.190328692529266E-005
  5.938597688794221E-004  4.190328692529266E-005
  6.119364471242832E-004  4.190328692529266E-005
  6.119364889541808E-004  4.190328692529266E-005
  6.689500099480611E-004  4.190328692529266E-005
  1.015556634195098E-003  4.190328692529266E-005
  1.110585022710175E-003  4.190328692529266E-005
  1.110585866171008E-003  4.190328692529266E-005
  1.171309754392503E-003  4.190328692529266E-005
  1.171310305427281E-003  4.190328692529266E-005
  1.171453297780129E-003  4.190328692529266E-005
  1.331356590740584E-003  4.190328692529266E-005
  1.337891097808357E-003  4.190328692529266E-005
  2.342905002427357E-003  4.190328692529266E-005
  2.342908188685785E-003  4.190328692529266E-005
  3.749857569447347E-003  4.190328692529266E-005
  3.749859797633690E-003  4.190328692529266E-005
  4.188265384631263E-003  4.190328692529266E-005
 cut=1d-8, nber non-redundant internal coords=          30
 Check on Eigenvals of non-red overlap matrix:
  0.00004190  0.00005678  0.00005678  0.00009579  0.00009579  0.00012501  0.00025283  0.00025283
  0.00034465  0.00049567  0.00049567  0.00059156  0.00059156  0.00059386  0.00061194  0.00061194
  0.00066895  0.00101556  0.00111059  0.00111059  0.00117131  0.00117131  0.00117145  0.00133136
  0.00133789  0.00234291  0.00234291  0.00374986  0.00374986  0.00418827
 Checking for correct frequencies
 recalc frequencies=
    -0.0   -0.0   -0.0    0.0    0.0    0.0  412.9  412.9  623.2  623.2
   688.9  723.3  862.5  862.5  981.4  981.4 1013.3 1016.6 1023.3 1060.3
  1060.3 1174.7 1197.5 1197.5 1335.2 1381.7 1512.9 1512.9 1637.4 1637.4
  3154.0 3163.6 3163.6 3179.4 3179.4 3190.0
 recalc symmetries=
     B3g    B2u    B1u    B2g    B3u    B1g    B1u    Au     B1g    Ag 
     B1u    B3g    B3g    B2g    B1u    Au     Ag     B3g    B2u    B3u
     B2u    B3u    B1g    Ag     B3u    B1g    B3u    B2u    Ag     B1g
     B2u    B1g    Ag     B3u    B2u    Ag 
 recalc freqs check OK
 Zero-point lengths:
 10.0000 10.0000 10.0000 10.0000 10.0000 10.0000 12.2011 12.2011  9.9307  9.9307
  9.4450  9.2180  8.4414  8.4414  7.9134  7.9134  7.7882  7.7755  7.7497  7.6136
  7.6136  7.2334  7.1639  7.1639  6.7847  6.6693  6.3736  6.3736  6.1265  6.1265
  4.4143  4.4076  4.4076  4.3966  4.3966  4.3893
 highest evec of mol 1
  0.0000  0.1231  0.0000
  0.1066  0.0616  0.0000
  0.1066 -0.0616  0.0000
  0.0000 -0.1231  0.0000
 -0.1066 -0.0616  0.0000
 -0.1066  0.0616  0.0000
  0.0000 -0.3892  0.0000
 -0.3371 -0.1946  0.0000
 -0.3371  0.1946  0.0000
  0.0000  0.3892  0.0000
  0.3371  0.1946  0.0000
  0.3371 -0.1946  0.0000
 generating redundant internal coords
         300        3600          12
 Adding extra bonds for z output only
           6           6           6           6           6           6
           1           1           1           1           1           1
 search for int coords
   1 str   2   1   1.394
   2 str   3   2   1.394
   3 str   4   3   1.394
   4 str   5   4   1.394
   5 str   6   1   1.394
   6 str   6   5   1.394
   7 str   7   1   1.084
   8 str   8   2   1.084
   9 str   9   3   1.084
  10 str  10   4   1.084
  11 str  11   5   1.084
  12 str  12   6   1.084
 nber stretches=          12
  13 ben   1   2   3
  14 prop tor   1   2   3   4
  15 prop tor   1   2   3   9
  16 ben   1   2   8
  17 ben   1   6   5
  18 ben   1   6  12
  19 ben   2   1   6
  20 prop tor   2   1   6   5
  21 prop tor   2   1   6  12
  22 ben   2   1   7
  23 ben   2   3   4
  24 prop tor   2   3   4   5
  25 prop tor   2   3   4  10
  26 ben   2   3   9
  27 ben   3   2   8
  28 ben   3   4   5
  29 prop tor   3   4   5   6
  30 prop tor   3   4   5  11
  31 ben   3   4  10
  32 ben   4   3   9
  33 ben   4   5   6
  34 prop tor   4   5   6   1
  35 prop tor   4   5   6  12
  36 ben   4   5  11
  37 ben   5   4  10
  38 ben   5   6  12
  39 prop tor   6   1   2   3
  40 prop tor   6   1   2   8
  41 ben   6   1   7
  42 ben   6   5  11
  43 prop tor   7   1   2   3
  44 prop tor   7   1   2   8
  45 prop tor   7   1   6   5
  46 prop tor   7   1   6  12
  47 prop tor   8   2   3   4
  48 prop tor   8   2   3   9
  49 prop tor   9   3   4   5
  50 prop tor   9   3   4  10
  51 prop tor  10   4   5   6
  52 prop tor  10   4   5  11
  53 prop tor  11   5   6   1
  54 prop tor  11   5   6  12
 nber bend=              18
 nber lin bend=           0
 nber prop tor=          24
 nber impr tor=           0
 nber tot redund int=          54
 Reading file: 
 ./Benzene_Conj_0_C0S1.log                                                      
                                          
  Entering Gaussian System, Link 0=g16                                          
  
 Gaussian format, type: g94, g98, g03= F F F
  #P Geom=AllCheck Guess=TCheck SCRF=Check GenChk RB3LYP TD(FC,Read)/6-3    
 energy type= TD      
 Original G94 input coords:
  6  1.436851 -0.000329  0.000000
  6  0.710110 -1.236179  0.000000
  6 -0.708238 -1.233649  0.000000
  6 -1.436851  0.000329  0.000000
  6 -0.710110  1.236179  0.000000
  6  0.708238  1.233649  0.000000
  1  2.518930  0.001581  0.000000
  1  1.247470 -2.177766  0.000000
  1 -1.247358 -2.174506  0.000000
  1 -2.518930 -0.001581  0.000000
  1 -1.247470  2.177766  0.000000
  1  1.247358  2.174506  0.000000
 nber atoms=          12
 Original standard coords:
  6  0.716818 -1.245277  0.000000
  6 -0.716818 -1.232302  0.000000
  6 -1.422493 -0.001961  0.000000
  6 -0.716818  1.245277  0.000000
  6  0.716818  1.232302  0.000000
  6  1.422493  0.001961  0.000000
  1  1.258516 -2.182006  0.000000
  1 -1.264570 -2.167881  0.000000
  1 -2.506862 -0.004345  0.000000
  1 -1.258516  2.182006  0.000000
  1  1.264570  2.167881  0.000000
  1  2.506862  0.004345  0.000000
  Total Energy, E(TD-HF/TD-DFT) =  -232.049051913                               
  
          32          49 "  -232.049051913"
After scan for Atom:   Atom  AN      X      Y      Z        X      Y      Z        X      Y      Z   
After scan for Atom:   Atom  AN      X      Y      Z        X      Y      Z        X      Y      Z   
After scan for Atom:   Atom  AN      X      Y      Z        X      Y      Z        X      Y      Z   
After scan for Atom:   Atom  AN      X      Y      Z        X      Y      Z        X      Y      Z   
After scan for Atom:   Atom  AN      X      Y      Z        X      Y      Z        X      Y      Z   
After scan for Atom:   Atom  AN      X      Y      Z        X      Y      Z        X      Y      Z   
After scan for Atom:   Atom  AN      X      Y      Z        X      Y      Z        X      Y      Z   
After scan for Atom:   Atom  AN      X      Y      Z        X      Y      Z        X      Y      Z   
After scan for Atom:   Atom  AN      X      Y      Z        X      Y      Z        X      Y      Z   
After scan for Atom:   Atom  AN      X      Y      Z        X      Y      Z        X      Y      Z   
 g94    frequencies=
     0.0    0.0    0.0    0.0    0.0    0.0 -848.0 -601.5 -515.6 -359.3
  -250.8  422.0  428.9  531.4  579.6  613.8  736.5  866.9  916.7  943.1
   983.9 1151.6 1171.6 1208.6 1230.9 1344.5 1414.6 1439.3 1552.6 2144.0
  3153.2 3163.6 3181.0 3181.8 3201.4 3208.0
 g94    symmetries=
                                                BG     AU     AU     BG
      BG     AU     AG     AU     AU     AG     BG     BU     BU     AG
      BU     BU     AG     AG     BU     AG     BU     BU     AG     AG
      AG     BU     BU     AG     BU     AG
 atomic masses:
 12.0000 12.0000 12.0000 12.0000 12.0000 12.0000  1.0078  1.0078  1.0078  1.0078
  1.0078  1.0078
 looking for force constants in 
 ./Benzene_Conj_0_C0S1.fchk                                                     
  
 Cartesian Force Constants                  R   N=         666                  
  
 n3=          36         666
 g94-fc frequencies=
  -848.0 -601.5 -515.6 -359.4 -250.8   -8.2   -4.7   -0.0    0.0    0.0
     9.4  422.0  428.9  531.4  579.6  613.9  736.5  866.9  916.7  943.1
   983.9 1151.6 1171.6 1208.6 1230.9 1344.5 1414.6 1439.4 1552.6 2144.0
  3153.3 3163.6 3181.1 3181.9 3201.5 3208.1
 at 99999: n3=          36
 symm operator            1 :  T  nop=           1
 symm operator            2 :  F  nop=           1
 symm operator            3 :  F  nop=           1
 symm operator            4 :  T  nop=           2
 symm operator            5 :  T  nop=           3
 symm operator            6 :  F  nop=           3
 symm operator            7 :  F  nop=           3
 The point group of the molecule is C2H
 enforcing symm op           1  jsymt=          -1          -1           1
 enforcing symm op           4  jsymt=          -1          -1          -1
 enforcing symm op           5  jsymt=           1           1          -1
 cartesian coord symmetries:
 Ag :   12 Au :    6 Bg :    6 Bu :   12
 Symmetry rotation matrix:
   1.00000   0.00000   0.00000
   0.00000   1.00000   0.00000
   0.00000   0.00000   1.00000

 Projecting out zero-frequency components
 generating redundant internal coords
         300        3600          12
 search for int coords
   1 str   2   1   1.434
   2 str   3   2   1.418
   3 str   4   3   1.433
   4 str   5   4   1.434
   5 str   6   1   1.433
   6 str   6   5   1.418
   7 str   7   1   1.082
   8 str   8   2   1.084
   9 str   9   3   1.084
  10 str  10   4   1.082
  11 str  11   5   1.084
  12 str  12   6   1.084
 nber stretches=          12
  13 ben   1   2   3
  14 prop tor   1   2   3   4
  15 prop tor   1   2   3   9
  16 ben   1   2   8
  17 ben   1   6   5
  18 ben   1   6  12
  19 ben   2   1   6
  20 prop tor   2   1   6   5
  21 prop tor   2   1   6  12
  22 ben   2   1   7
  23 ben   2   3   4
  24 prop tor   2   3   4   5
  25 prop tor   2   3   4  10
  26 ben   2   3   9
  27 ben   3   2   8
  28 ben   3   4   5
  29 prop tor   3   4   5   6
  30 prop tor   3   4   5  11
  31 ben   3   4  10
  32 ben   4   3   9
  33 ben   4   5   6
  34 prop tor   4   5   6   1
  35 prop tor   4   5   6  12
  36 ben   4   5  11
  37 ben   5   4  10
  38 ben   5   6  12
  39 prop tor   6   1   2   3
  40 prop tor   6   1   2   8
  41 ben   6   1   7
  42 ben   6   5  11
  43 prop tor   7   1   2   3
  44 prop tor   7   1   2   8
  45 prop tor   7   1   6   5
  46 prop tor   7   1   6  12
  47 prop tor   8   2   3   4
  48 prop tor   8   2   3   9
  49 prop tor   9   3   4   5
  50 prop tor   9   3   4  10
  51 prop tor  10   4   5   6
  52 prop tor  10   4   5  11
  53 prop tor  11   5   6   1
  54 prop tor  11   5   6  12
 nber bend=              18
 nber lin bend=           0
 nber prop tor=          24
 nber impr tor=           0
 nber tot redund int=          54
 Eigenvalues of G in red int coords
    Gval -0.00000000 -0.00000000 -0.00000000 -0.00000000 -0.00000000 -0.00000000 -0.00000000 -0.00000000
    Gval -0.00000000 -0.00000000  0.00000000  0.00000000  0.00000000  0.00000000  0.00000000  0.00000000
    Gval  0.00000000  0.00000000  0.00000000  0.00000000  0.00000000  0.00000000  0.00000000  0.00000000
    Gval  0.00004190  0.00005609  0.00005633  0.00009382  0.00009472  0.00012501  0.00024302  0.00024671
    Gval  0.00033193  0.00046131  0.00048740  0.00059159  0.00059164  0.00059386  0.00061035  0.00061098
    Gval  0.00066148  0.00101726  0.00110475  0.00111001  0.00116548  0.00116822  0.00116928  0.00127220
    Gval  0.00134030  0.00232292  0.00234990  0.00371660  0.00376472  0.00418391
  4.190329616332585E-005  4.190329616332585E-005
  5.608793022384419E-005  4.190329616332585E-005
  5.632788772328788E-005  4.190329616332585E-005
  9.381820677442125E-005  4.190329616332585E-005
  9.471891385404911E-005  4.190329616332585E-005
  1.250130069424909E-004  4.190329616332585E-005
  2.430189907347241E-004  4.190329616332585E-005
  2.467075070738479E-004  4.190329616332585E-005
  3.319268148739634E-004  4.190329616332585E-005
  4.613083470187183E-004  4.190329616332585E-005
  4.874041814810558E-004  4.190329616332585E-005
  5.915881891597903E-004  4.190329616332585E-005
  5.916442421821496E-004  4.190329616332585E-005
  5.938599699584625E-004  4.190329616332585E-005
  6.103492473339309E-004  4.190329616332585E-005
  6.109798913160542E-004  4.190329616332585E-005
  6.614827865709814E-004  4.190329616332585E-005
  1.017261445177395E-003  4.190329616332585E-005
  1.104746384063182E-003  4.190329616332585E-005
  1.110011757627397E-003  4.190329616332585E-005
  1.165479687230304E-003  4.190329616332585E-005
  1.168220260792876E-003  4.190329616332585E-005
  1.169279830245389E-003  4.190329616332585E-005
  1.272204126061927E-003  4.190329616332585E-005
  1.340299589310495E-003  4.190329616332585E-005
  2.322922953640849E-003  4.190329616332585E-005
  2.349901792050879E-003  4.190329616332585E-005
  3.716602837456407E-003  4.190329616332585E-005
  3.764716704084378E-003  4.190329616332585E-005
  4.183911051108006E-003  4.190329616332585E-005
 cut=1d-8, nber non-redundant internal coords=          30
 Check on Eigenvals of non-red overlap matrix:
  0.00004190  0.00005609  0.00005633  0.00009382  0.00009472  0.00012501  0.00024302  0.00024671
  0.00033193  0.00046131  0.00048740  0.00059159  0.00059164  0.00059386  0.00061035  0.00061098
  0.00066148  0.00101726  0.00110475  0.00111001  0.00116548  0.00116822  0.00116928  0.00127220
  0.00134030  0.00232292  0.00234990  0.00371660  0.00376472  0.00418391
 Checking for correct frequencies
 recalc frequencies=
  -848.0 -601.5 -515.6 -359.4 -250.8   -0.0   -0.0    0.0    0.0    0.0
     0.0  422.0  428.9  531.4  579.6  613.9  736.5  866.9  916.7  943.1
   983.9 1151.6 1171.6 1208.6 1230.9 1344.5 1414.6 1439.4 1552.6 2144.0
  3153.3 3163.6 3181.1 3181.9 3201.5 3208.1
 recalc symmetries=
     Bg     Au     Au     Bg     Bg     Bg     Bu     Au     Bg     Bu 
     Ag     Au     Ag     Au     Au     Ag     Bg     Bu     Bu     Ag 
     Bu     Bu     Ag     Ag     Bu     Ag     Bu     Bu     Ag     Ag 
     Ag     Bu     Bu     Ag     Bu     Ag 
 recalc freqs check OK
 Zero-point lengths:
  8.5131 10.1081 10.9179 13.0778 15.6544 10.0000 10.0000 10.0000 10.0000 10.0000
 10.0000 12.0681 11.9708 10.7543 10.2978 10.0060  9.1348  8.4201  8.1881  8.0727
  7.9033  7.3053  7.2427  7.1311  7.0662  6.7611  6.5913  6.5344  6.2916  5.3540
  4.4148  4.4076  4.3955  4.3950  4.3815  4.3770
 highest evec of mol 2
 -0.0965  0.1646  0.0000
  0.0347  0.0536  0.0000
  0.0566  0.0017  0.0000
  0.0965 -0.1646  0.0000
 -0.0347 -0.0536  0.0000
 -0.0566 -0.0017  0.0000
  0.3116 -0.5388  0.0000
 -0.1001 -0.1687  0.0000
 -0.1744 -0.0015  0.0000
 -0.3116  0.5388  0.0000
  0.1001  0.1687  0.0000
  0.1744  0.0015  0.0000
 Enter nber and list of atoms to keep of mol #2
 keep list:          12           1           2           3           4
           5           6           7           8           9          10
          11          12
 reordering atoms
           1  -1.40108181718079     
           2 -0.966784877981592     
           3  0.416743126636732     
           4   1.40108181718079     
           5  0.966784877981592     
           6 -0.416743126636733     
           7  -2.45574371743463     
           8  -1.69973972347205     
           9  0.733577415916185     
          10   2.45574371743463     
          11   1.69973972347205     
          12 -0.733577415916185     
           1           1
           2           2
           3           3
           4           4
           5           5
           6           6
           7           7
           8           8
           9           9
          10          10
          11          11
          12          12
 initial cartes coords mol 1
   6   0.00000   1.39386   0.00000
   6   0.00000   0.69693   1.20712
   6   0.00000  -0.69693   1.20712
   6   0.00000  -1.39386   0.00000
   6   0.00000  -0.69693  -1.20712
   6   0.00000   0.69693  -1.20712
   1   0.00000   2.47833   0.00000
   1   0.00000   1.23917   2.14630
   1   0.00000  -1.23917   2.14630
   1   0.00000  -2.47833   0.00000
   1   0.00000  -1.23917  -2.14630
   1   0.00000   1.23917  -2.14630
 initial cartes coords mol 2
   6   0.00000   0.31861  -1.40108
   6   0.00000  -1.04772  -0.96678
   6   0.00000  -1.36008   0.41674
   6   0.00000  -0.31861   1.40108
   6   0.00000   1.04772   0.96678
   6   0.00000   1.36008  -0.41674
   1   0.00000   0.56066  -2.45574
   1   0.00000  -1.84655  -1.69974
   1   0.00000  -2.39713   0.73358
   1   0.00000  -0.56066   2.45574
   1   0.00000   1.84655   1.69974
   1   0.00000   2.39713  -0.73358
 loop 1 0
 mod cartes coords mol 2
   6   0.00000   0.31861  -1.40108
   6   0.00000  -1.04772  -0.96678
   6   0.00000  -1.36008   0.41674
   6   0.00000  -0.31861   1.40108
   6   0.00000   1.04772   0.96678
   6   0.00000   1.36008  -0.41674
   1   0.00000   0.56066  -2.45574
   1   0.00000  -1.84655  -1.69974
   1   0.00000  -2.39713   0.73358
   1   0.00000  -0.56066   2.45574
   1   0.00000   1.84655   1.69974
   1   0.00000   2.39713  -0.73358
 read in order, maxerr=  4.93 for atom   8
 loop 1 1
 mod cartes coords mol 2
   6   0.00000   0.31861  -1.40108
   6   0.00000  -1.04772  -0.96678
   6   0.00000  -1.36008   0.41674
   6   0.00000  -0.31861   1.40108
   6   0.00000   1.04772   0.96678
   6   0.00000   1.36008  -0.41674
   1   0.00000   0.56066  -2.45574
   1   0.00000  -1.84655  -1.69974
   1   0.00000  -2.39713   0.73358
   1   0.00000  -0.56066   2.45574
   1   0.00000   1.84655   1.69974
   1   0.00000   2.39713  -0.73358
 read in order, maxerr=  4.93 for atom   8
 loop 1 2
 mod cartes coords mol 2
   6   0.00000  -0.31861  -1.40108
   6   0.00000   1.04772  -0.96678
   6   0.00000   1.36008   0.41674
   6   0.00000   0.31861   1.40108
   6   0.00000  -1.04772   0.96678
   6   0.00000  -1.36008  -0.41674
   1   0.00000  -0.56066  -2.45574
   1   0.00000   1.84655  -1.69974
   1   0.00000   2.39713   0.73358
   1   0.00000   0.56066   2.45574
   1   0.00000  -1.84655   1.69974
   1   0.00000  -2.39713  -0.73358
 read in order, maxerr=  3.91 for atom   7
 loop 1 3
 mod cartes coords mol 2
   6   0.00000  -0.31861  -1.40108
   6   0.00000   1.04772  -0.96678
   6   0.00000   1.36008   0.41674
   6   0.00000   0.31861   1.40108
   6   0.00000  -1.04772   0.96678
   6   0.00000  -1.36008  -0.41674
   1   0.00000  -0.56066  -2.45574
   1   0.00000   1.84655  -1.69974
   1   0.00000   2.39713   0.73358
   1   0.00000   0.56066   2.45574
   1   0.00000  -1.84655   1.69974
   1   0.00000  -2.39713  -0.73358
 read in order, maxerr=  3.91 for atom   7
 loop 1 4
 mod cartes coords mol 2
   6   0.00000   0.31861   1.40108
   6   0.00000  -1.04772   0.96678
   6   0.00000  -1.36008  -0.41674
   6   0.00000  -0.31861  -1.40108
   6   0.00000   1.04772  -0.96678
   6   0.00000   1.36008   0.41674
   1   0.00000   0.56066   2.45574
   1   0.00000  -1.84655   1.69974
   1   0.00000  -2.39713  -0.73358
   1   0.00000  -0.56066  -2.45574
   1   0.00000   1.84655  -1.69974
   1   0.00000   2.39713   0.73358
 read in order, maxerr=  3.12 for atom   8
 loop 1 5
 mod cartes coords mol 2
   6   0.00000   0.31861   1.40108
   6   0.00000  -1.04772   0.96678
   6   0.00000  -1.36008  -0.41674
   6   0.00000  -0.31861  -1.40108
   6   0.00000   1.04772  -0.96678
   6   0.00000   1.36008   0.41674
   1   0.00000   0.56066   2.45574
   1   0.00000  -1.84655   1.69974
   1   0.00000  -2.39713  -0.73358
   1   0.00000  -0.56066  -2.45574
   1   0.00000   1.84655  -1.69974
   1   0.00000   2.39713   0.73358
 read in order, maxerr=  3.12 for atom   8
 loop 1 6
 mod cartes coords mol 2
   6   0.00000  -0.31861   1.40108
   6   0.00000   1.04772   0.96678
   6   0.00000   1.36008  -0.41674
   6   0.00000   0.31861  -1.40108
   6   0.00000  -1.04772  -0.96678
   6   0.00000  -1.36008   0.41674
   1   0.00000  -0.56066   2.45574
   1   0.00000   1.84655   1.69974
   1   0.00000   2.39713  -0.73358
   1   0.00000   0.56066  -2.45574
   1   0.00000  -1.84655  -1.69974
   1   0.00000  -2.39713   0.73358
 read in order, maxerr=  4.64 for atom   9
 loop 1 7
 mod cartes coords mol 2
   6   0.00000  -0.31861   1.40108
   6   0.00000   1.04772   0.96678
   6   0.00000   1.36008  -0.41674
   6   0.00000   0.31861  -1.40108
   6   0.00000  -1.04772  -0.96678
   6   0.00000  -1.36008   0.41674
   1   0.00000  -0.56066   2.45574
   1   0.00000   1.84655   1.69974
   1   0.00000   2.39713  -0.73358
   1   0.00000   0.56066  -2.45574
   1   0.00000  -1.84655  -1.69974
   1   0.00000  -2.39713   0.73358
 read in order, maxerr=  4.64 for atom   9
 loop 2 0
 mod cartes coords mol 2
   6   0.00000  -1.40108   0.31861
   6   0.00000  -0.96678  -1.04772
   6   0.00000   0.41674  -1.36008
   6   0.00000   1.40108  -0.31861
   6   0.00000   0.96678   1.04772
   6   0.00000  -0.41674   1.36008
   1   0.00000  -2.45574   0.56066
   1   0.00000  -1.69974  -1.84655
   1   0.00000   0.73358  -2.39713
   1   0.00000   2.45574  -0.56066
   1   0.00000   1.69974   1.84655
   1   0.00000  -0.73358   2.39713
 read in order, maxerr=  4.97 for atom   7
 loop 2 1
 mod cartes coords mol 2
   6   0.00000  -1.40108   0.31861
   6   0.00000  -0.96678  -1.04772
   6   0.00000   0.41674  -1.36008
   6   0.00000   1.40108  -0.31861
   6   0.00000   0.96678   1.04772
   6   0.00000  -0.41674   1.36008
   1   0.00000  -2.45574   0.56066
   1   0.00000  -1.69974  -1.84655
   1   0.00000   0.73358  -2.39713
   1   0.00000   2.45574  -0.56066
   1   0.00000   1.69974   1.84655
   1   0.00000  -0.73358   2.39713
 read in order, maxerr=  4.97 for atom   7
 loop 2 2
 mod cartes coords mol 2
   6   0.00000  -1.40108  -0.31861
   6   0.00000  -0.96678   1.04772
   6   0.00000   0.41674   1.36008
   6   0.00000   1.40108   0.31861
   6   0.00000   0.96678  -1.04772
   6   0.00000  -0.41674  -1.36008
   1   0.00000  -2.45574  -0.56066
   1   0.00000  -1.69974   1.84655
   1   0.00000   0.73358   2.39713
   1   0.00000   2.45574   0.56066
   1   0.00000   1.69974  -1.84655
   1   0.00000  -0.73358  -2.39713
 read in order, maxerr=  4.97 for atom   7
 loop 2 3
 mod cartes coords mol 2
   6   0.00000  -1.40108  -0.31861
   6   0.00000  -0.96678   1.04772
   6   0.00000   0.41674   1.36008
   6   0.00000   1.40108   0.31861
   6   0.00000   0.96678  -1.04772
   6   0.00000  -0.41674  -1.36008
   1   0.00000  -2.45574  -0.56066
   1   0.00000  -1.69974   1.84655
   1   0.00000   0.73358   2.39713
   1   0.00000   2.45574   0.56066
   1   0.00000   1.69974  -1.84655
   1   0.00000  -0.73358  -2.39713
 read in order, maxerr=  4.97 for atom   7
 loop 2 4
 mod cartes coords mol 2
   6   0.00000   1.40108   0.31861
   6   0.00000   0.96678  -1.04772
   6   0.00000  -0.41674  -1.36008
   6   0.00000  -1.40108  -0.31861
   6   0.00000  -0.96678   1.04772
   6   0.00000   0.41674   1.36008
   1   0.00000   2.45574   0.56066
   1   0.00000   1.69974  -1.84655
   1   0.00000  -0.73358  -2.39713
   1   0.00000  -2.45574  -0.56066
   1   0.00000  -1.69974   1.84655
   1   0.00000   0.73358   2.39713
 read in order, maxerr=  4.57 for atom   9
 loop 2 5
 mod cartes coords mol 2
   6   0.00000   1.40108   0.31861
   6   0.00000   0.96678  -1.04772
   6   0.00000  -0.41674  -1.36008
   6   0.00000  -1.40108  -0.31861
   6   0.00000  -0.96678   1.04772
   6   0.00000   0.41674   1.36008
   1   0.00000   2.45574   0.56066
   1   0.00000   1.69974  -1.84655
   1   0.00000  -0.73358  -2.39713
   1   0.00000  -2.45574  -0.56066
   1   0.00000  -1.69974   1.84655
   1   0.00000   0.73358   2.39713
 read in order, maxerr=  4.57 for atom   9
 loop 2 6
 mod cartes coords mol 2
   6   0.00000   1.40108  -0.31861
   6   0.00000   0.96678   1.04772
   6   0.00000  -0.41674   1.36008
   6   0.00000  -1.40108   0.31861
   6   0.00000  -0.96678  -1.04772
   6   0.00000   0.41674  -1.36008
   1   0.00000   2.45574  -0.56066
   1   0.00000   1.69974   1.84655
   1   0.00000  -0.73358   2.39713
   1   0.00000  -2.45574   0.56066
   1   0.00000  -1.69974  -1.84655
   1   0.00000   0.73358  -2.39713
 read in order, maxerr=  0.56 for atom   9
 loop 2 7
 mod cartes coords mol 2
   6   0.00000   1.40108  -0.31861
   6   0.00000   0.96678   1.04772
   6   0.00000  -0.41674   1.36008
   6   0.00000  -1.40108   0.31861
   6   0.00000  -0.96678  -1.04772
   6   0.00000   0.41674  -1.36008
   1   0.00000   2.45574  -0.56066
   1   0.00000   1.69974   1.84655
   1   0.00000  -0.73358   2.39713
   1   0.00000  -2.45574   0.56066
   1   0.00000  -1.69974  -1.84655
   1   0.00000   0.73358  -2.39713
 read in order, maxerr=  0.56 for atom   9
 loop 3 0
 mod cartes coords mol 2
   6   0.31861   0.00000  -1.40108
   6  -1.04772   0.00000  -0.96678
   6  -1.36008   0.00000   0.41674
   6  -0.31861   0.00000   1.40108
   6   1.04772   0.00000   0.96678
   6   1.36008   0.00000  -0.41674
   1   0.56066   0.00000  -2.45574
   1  -1.84655   0.00000  -1.69974
   1  -2.39713   0.00000   0.73358
   1  -0.56066   0.00000   2.45574
   1   1.84655   0.00000   1.69974
   1   2.39713   0.00000  -0.73358
 read in order, maxerr=  4.44 for atom   8
 loop 3 1
 mod cartes coords mol 2
   6   0.31861   0.00000  -1.40108
   6  -1.04772   0.00000  -0.96678
   6  -1.36008   0.00000   0.41674
   6  -0.31861   0.00000   1.40108
   6   1.04772   0.00000   0.96678
   6   1.36008   0.00000  -0.41674
   1   0.56066   0.00000  -2.45574
   1  -1.84655   0.00000  -1.69974
   1  -2.39713   0.00000   0.73358
   1  -0.56066   0.00000   2.45574
   1   1.84655   0.00000   1.69974
   1   2.39713   0.00000  -0.73358
 read in order, maxerr=  4.44 for atom   8
 loop 3 2
 mod cartes coords mol 2
   6  -0.31861   0.00000  -1.40108
   6   1.04772   0.00000  -0.96678
   6   1.36008   0.00000   0.41674
   6   0.31861   0.00000   1.40108
   6  -1.04772   0.00000   0.96678
   6  -1.36008   0.00000  -0.41674
   1  -0.56066   0.00000  -2.45574
   1   1.84655   0.00000  -1.69974
   1   2.39713   0.00000   0.73358
   1   0.56066   0.00000   2.45574
   1  -1.84655   0.00000   1.69974
   1  -2.39713   0.00000  -0.73358
 read in order, maxerr=  4.44 for atom   8
 loop 3 3
 mod cartes coords mol 2
   6  -0.31861   0.00000  -1.40108
   6   1.04772   0.00000  -0.96678
   6   1.36008   0.00000   0.41674
   6   0.31861   0.00000   1.40108
   6  -1.04772   0.00000   0.96678
   6  -1.36008   0.00000  -0.41674
   1  -0.56066   0.00000  -2.45574
   1   1.84655   0.00000  -1.69974
   1   2.39713   0.00000   0.73358
   1   0.56066   0.00000   2.45574
   1  -1.84655   0.00000   1.69974
   1  -2.39713   0.00000  -0.73358
 read in order, maxerr=  4.44 for atom   8
 loop 3 4
 mod cartes coords mol 2
   6   0.31861   0.00000   1.40108
   6  -1.04772   0.00000   0.96678
   6  -1.36008   0.00000  -0.41674
   6  -0.31861   0.00000  -1.40108
   6   1.04772   0.00000  -0.96678
   6   1.36008   0.00000   0.41674
   1   0.56066   0.00000   2.45574
   1  -1.84655   0.00000   1.69974
   1  -2.39713   0.00000  -0.73358
   1  -0.56066   0.00000  -2.45574
   1   1.84655   0.00000  -1.69974
   1   2.39713   0.00000   0.73358
 read in order, maxerr=  3.95 for atom   9
 loop 3 5
 mod cartes coords mol 2
   6   0.31861   0.00000   1.40108
   6  -1.04772   0.00000   0.96678
   6  -1.36008   0.00000  -0.41674
   6  -0.31861   0.00000  -1.40108
   6   1.04772   0.00000  -0.96678
   6   1.36008   0.00000   0.41674
   1   0.56066   0.00000   2.45574
   1  -1.84655   0.00000   1.69974
   1  -2.39713   0.00000  -0.73358
   1  -0.56066   0.00000  -2.45574
   1   1.84655   0.00000  -1.69974
   1   2.39713   0.00000   0.73358
 read in order, maxerr=  3.95 for atom   9
 loop 3 6
 mod cartes coords mol 2
   6  -0.31861   0.00000   1.40108
   6   1.04772   0.00000   0.96678
   6   1.36008   0.00000  -0.41674
   6   0.31861   0.00000  -1.40108
   6  -1.04772   0.00000  -0.96678
   6  -1.36008   0.00000   0.41674
   1  -0.56066   0.00000   2.45574
   1   1.84655   0.00000   1.69974
   1   2.39713   0.00000  -0.73358
   1   0.56066   0.00000  -2.45574
   1  -1.84655   0.00000  -1.69974
   1  -2.39713   0.00000   0.73358
 read in order, maxerr=  3.95 for atom   9
 loop 3 7
 mod cartes coords mol 2
   6  -0.31861   0.00000   1.40108
   6   1.04772   0.00000   0.96678
   6   1.36008   0.00000  -0.41674
   6   0.31861   0.00000  -1.40108
   6  -1.04772   0.00000  -0.96678
   6  -1.36008   0.00000   0.41674
   1  -0.56066   0.00000   2.45574
   1   1.84655   0.00000   1.69974
   1   2.39713   0.00000  -0.73358
   1   0.56066   0.00000  -2.45574
   1  -1.84655   0.00000  -1.69974
   1  -2.39713   0.00000   0.73358
 read in order, maxerr=  3.95 for atom   9
 loop 4 0
 mod cartes coords mol 2
   6  -1.40108   0.00000   0.31861
   6  -0.96678   0.00000  -1.04772
   6   0.41674   0.00000  -1.36008
   6   1.40108   0.00000  -0.31861
   6   0.96678   0.00000   1.04772
   6  -0.41674   0.00000   1.36008
   1  -2.45574   0.00000   0.56066
   1  -1.69974   0.00000  -1.84655
   1   0.73358   0.00000  -2.39713
   1   2.45574   0.00000  -0.56066
   1   1.69974   0.00000   1.84655
   1  -0.73358   0.00000   2.39713
 read in order, maxerr=  4.77 for atom   9
 loop 4 1
 mod cartes coords mol 2
   6  -1.40108   0.00000   0.31861
   6  -0.96678   0.00000  -1.04772
   6   0.41674   0.00000  -1.36008
   6   1.40108   0.00000  -0.31861
   6   0.96678   0.00000   1.04772
   6  -0.41674   0.00000   1.36008
   1  -2.45574   0.00000   0.56066
   1  -1.69974   0.00000  -1.84655
   1   0.73358   0.00000  -2.39713
   1   2.45574   0.00000  -0.56066
   1   1.69974   0.00000   1.84655
   1  -0.73358   0.00000   2.39713
 read in order, maxerr=  4.77 for atom   9
 loop 4 2
 mod cartes coords mol 2
   6  -1.40108   0.00000  -0.31861
   6  -0.96678   0.00000   1.04772
   6   0.41674   0.00000   1.36008
   6   1.40108   0.00000   0.31861
   6   0.96678   0.00000  -1.04772
   6  -0.41674   0.00000  -1.36008
   1  -2.45574   0.00000  -0.56066
   1  -1.69974   0.00000   1.84655
   1   0.73358   0.00000   2.39713
   1   2.45574   0.00000   0.56066
   1   1.69974   0.00000  -1.84655
   1  -0.73358   0.00000  -2.39713
 read in order, maxerr=  3.53 for atom   7
 loop 4 3
 mod cartes coords mol 2
   6  -1.40108   0.00000  -0.31861
   6  -0.96678   0.00000   1.04772
   6   0.41674   0.00000   1.36008
   6   1.40108   0.00000   0.31861
   6   0.96678   0.00000  -1.04772
   6  -0.41674   0.00000  -1.36008
   1  -2.45574   0.00000  -0.56066
   1  -1.69974   0.00000   1.84655
   1   0.73358   0.00000   2.39713
   1   2.45574   0.00000   0.56066
   1   1.69974   0.00000  -1.84655
   1  -0.73358   0.00000  -2.39713
 read in order, maxerr=  3.53 for atom   7
 loop 4 4
 mod cartes coords mol 2
   6   1.40108   0.00000   0.31861
   6   0.96678   0.00000  -1.04772
   6  -0.41674   0.00000  -1.36008
   6  -1.40108   0.00000  -0.31861
   6  -0.96678   0.00000   1.04772
   6   0.41674   0.00000   1.36008
   1   2.45574   0.00000   0.56066
   1   1.69974   0.00000  -1.84655
   1  -0.73358   0.00000  -2.39713
   1  -2.45574   0.00000  -0.56066
   1  -1.69974   0.00000   1.84655
   1   0.73358   0.00000   2.39713
 read in order, maxerr=  4.77 for atom   9
 loop 4 5
 mod cartes coords mol 2
   6   1.40108   0.00000   0.31861
   6   0.96678   0.00000  -1.04772
   6  -0.41674   0.00000  -1.36008
   6  -1.40108   0.00000  -0.31861
   6  -0.96678   0.00000   1.04772
   6   0.41674   0.00000   1.36008
   1   2.45574   0.00000   0.56066
   1   1.69974   0.00000  -1.84655
   1  -0.73358   0.00000  -2.39713
   1  -2.45574   0.00000  -0.56066
   1  -1.69974   0.00000   1.84655
   1   0.73358   0.00000   2.39713
 read in order, maxerr=  4.77 for atom   9
 loop 4 6
 mod cartes coords mol 2
   6   1.40108   0.00000  -0.31861
   6   0.96678   0.00000   1.04772
   6  -0.41674   0.00000   1.36008
   6  -1.40108   0.00000   0.31861
   6  -0.96678   0.00000  -1.04772
   6   0.41674   0.00000  -1.36008
   1   2.45574   0.00000  -0.56066
   1   1.69974   0.00000   1.84655
   1  -0.73358   0.00000   2.39713
   1  -2.45574   0.00000   0.56066
   1  -1.69974   0.00000  -1.84655
   1   0.73358   0.00000  -2.39713
 read in order, maxerr=  3.53 for atom   7
 loop 4 7
 mod cartes coords mol 2
   6   1.40108   0.00000  -0.31861
   6   0.96678   0.00000   1.04772
